0.000000000000000 0.000000000000000
0.500000000000000 -0.000000000000207
1.000000000000000 0.000000000000414
1.500000000000000 -0.000000000000621
2.000000000000000 0.000000000000827
2.500000000000000 -0.000000000001033
3.000000000000000 0.000000000001243
3.500000000000000 -0.000000000001449
4.000000000000000 0.000000000001655
4.500000000000000 -0.000000000001861
5.000000000000000 0.000000000002066
5.500000000000000 -0.000000000002276
6.000000000000000 0.000000000002485
6.500000000000000 -0.000000000002688
7.000000000000000 0.000000000002897
7.500000000000000 -0.000000000003100
8.000000000000000 0.000000000003309
8.500000000000000 -0.000000000003519
9.000000000000000 0.000000000003721
9.500000000000000 -0.000000000003931
