0.000000000000000 0.000000000000000
0.333333333333333 0.866025403784370
0.666666666666667 -0.866025403784576
1.000000000000000 0.000000000000414
1.333333333333333 0.866025403784163
1.666666666666667 -0.866025403784782
2.000000000000000 0.000000000000827
2.333333333333333 0.866025403783957
2.666666666666667 -0.866025403784990
3.000000000000000 0.000000000001243
3.333333333333333 0.866025403783751
3.666666666666667 -0.866025403785196
4.000000000000000 0.000000000001655
4.333333333333333 0.866025403783543
4.666666666666666 -0.866025403785402
5.000000000000000 0.000000000002066
5.333333333333333 0.866025403783336
5.666666666666666 -0.866025403785608
6.000000000000000 0.000000000002485
6.333333333333333 0.866025403783130
6.666666666666666 -0.866025403785814
7.000000000000000 0.000000000002897
7.333333333333333 0.866025403782924
7.666666666666666 -0.866025403786023
8.000000000000000 0.000000000003309
8.333333333333332 0.866025403782718
8.666666666666666 -0.866025403786229
9.000000000000000 0.000000000003721
9.333333333333332 0.866025403782512
9.666666666666666 -0.866025403786435
