0.000000000000000 0.000000000000000
0.571428571428571 -0.433883739117771
1.142857142857143 0.781831482468324
1.714285714285714 -0.974927912181981
2.285714285714286 0.974927912181613
2.857142857142857 -0.781831482467295
3.428571428571428 0.433883739116282
4.000000000000000 0.000000000001655
4.571428571428571 -0.433883739119260
5.142857142857142 0.781831482469354
5.714285714285714 -0.974927912182348
6.285714285714286 0.974927912181245
6.857142857142857 -0.781831482466263
7.428571428571428 0.433883739114794
8.000000000000000 0.000000000003309
8.571428571428571 -0.433883739120751
9.142857142857142 0.781831482470385
