0.000000000000000 0.000000000000000
0.666666666666667 -0.866025403784576
1.333333333333333 0.866025403784163
2.000000000000000 0.000000000000827
2.666666666666667 -0.866025403784990
3.333333333333333 0.866025403783751
4.000000000000000 0.000000000001655
4.666666666666666 -0.866025403785402
5.333333333333333 0.866025403783336
6.000000000000000 0.000000000002485
6.666666666666666 -0.866025403785814
7.333333333333333 0.866025403782924
8.000000000000000 0.000000000003309
8.666666666666666 -0.866025403786229
9.333333333333332 0.866025403782512
