0.000000000000000 0.000000000000000
0.050000000000000 -0.000000000000394
0.100000000000000 -0.000000000000766
0.150000000000000 -0.000000000001079
0.200000000000000 -0.000000000001302
0.250000000000000 -0.000000000001413
0.300000000000000 -0.000000000001396
0.350000000000000 -0.000000000001252
0.400000000000000 -0.000000000000990
0.450000000000000 -0.000000000000631
0.500000000000000 -0.000000000000207
0.550000000000000 0.000000000000245
0.600000000000000 0.000000000000683
0.650000000000000 0.000000000001067
0.700000000000000 0.000000000001360
0.750000000000000 0.000000000001533
0.800000000000000 0.000000000001569
0.850000000000000 0.000000000001461
0.900000000000000 0.000000000001217
0.950000000000000 0.000000000000857
1.000000000000000 0.000000000000414
1.050000000000000 -0.000000000000075
1.100000000000000 -0.000000000000564
1.150000000000000 -0.000000000001008
1.200000000000000 -0.000000000001365
1.250000000000000 -0.000000000001602
1.300000000000000 -0.000000000001695
1.350000000000000 -0.000000000001632
1.400000000000000 -0.000000000001419
1.450000000000000 -0.000000000001072
1.500000000000000 -0.000000000000621
1.550000000000000 -0.000000000000108
1.600000000000000 0.000000000000421
1.650000000000000 0.000000000000918
1.700000000000000 0.000000000001336
1.750000000000000 0.000000000001635
1.800000000000000 0.000000000001787
1.850000000000000 0.000000000001775
1.900000000000000 0.000000000001600
1.950000000000000 0.000000000001274
2.000000000000000 0.000000000000827
2.050000000000000 0.000000000000299
2.100000000000000 -0.000000000000263
2.150000000000000 -0.000000000000806
2.200000000000000 -0.000000000001280
2.250000000000000 -0.000000000001641
2.300000000000000 -0.000000000001854
2.350000000000000 -0.000000000001898
2.400000000000000 -0.000000000001766
2.450000000000000 -0.000000000001469
2.500000000000000 -0.000000000001033
2.550000000000000 -0.000000000000497
2.600000000000000 0.000000000000090
2.650000000000000 0.000000000000675
2.700000000000000 0.000000000001203
2.750000000000000 0.000000000001625
2.800000000000000 0.000000000001900
2.850000000000000 0.000000000002003
2.900000000000000 0.000000000001921
2.950000000000000 0.000000000001660
3.000000000000000 0.000000000001243
3.050000000000000 0.000000000000707
3.100000000000000 0.000000000000101
3.150000000000000 -0.000000000000521
3.200000000000000 -0.000000000001099
3.250000000000000 -0.000000000001581
3.300000000000000 -0.000000000001920
3.350000000000000 -0.000000000002085
3.400000000000000 -0.000000000002058
3.450000000000000 -0.000000000001839
3.500000000000000 -0.000000000001449
3.550000000000000 -0.000000000000920
3.600000000000000 -0.000000000000302
3.650000000000000 0.000000000000350
3.700000000000000 0.000000000000976
3.750000000000000 0.000000000001516
3.800000000000000 0.000000000001920
3.850000000000000 0.000000000002150
3.900000000000000 0.000000000002182
3.950000000000000 0.000000000002012
4.000000000000000 0.000000000001655
4.050000000000000 0.000000000001140
4.100000000000001 0.000000000000516
4.150000000000000 -0.000000000000162
4.200000000000000 -0.000000000000831
4.250000000000000 -0.000000000001428
4.300000000000000 -0.000000000001898
4.350000000000001 -0.000000000002196
4.400000000000000 -0.000000000002293
4.450000000000000 -0.000000000002178
4.500000000000000 -0.000000000001861
4.550000000000000 -0.000000000001368
4.600000000000001 -0.000000000000744
4.650000000000000 -0.000000000000045
4.700000000000000 0.000000000000663
4.750000000000000 0.000000000001316
4.800000000000001 0.000000000001853
4.850000000000001 0.000000000002223
4.900000000000000 0.000000000002390
4.950000000000000 0.000000000002337
5.000000000000000 0.000000000002066
5.050000000000001 0.000000000001602
5.100000000000001 0.000000000000986
5.150000000000000 0.000000000000272
5.200000000000000 -0.000000000000473
5.250000000000000 -0.000000000001180
5.300000000000001 -0.000000000001785
5.350000000000001 -0.000000000002231
5.400000000000000 -0.000000000002474
5.450000000000000 -0.000000000002490
5.500000000000000 -0.000000000002276
5.550000000000001 -0.000000000001850
5.600000000000001 -0.000000000001249
5.650000000000000 -0.000000000000527
5.700000000000000 0.000000000000251
5.750000000000000 0.000000000001012
5.800000000000001 0.000000000001687
5.850000000000001 0.000000000002212
5.900000000000000 0.000000000002538
5.950000000000000 0.000000000002633
6.000000000000000 0.000000000002485
6.050000000000001 0.000000000002108
6.100000000000001 0.000000000001532
6.150000000000000 0.000000000000810
6.200000000000000 0.000000000000006
6.250000000000000 -0.000000000000805
6.300000000000001 -0.000000000001550
6.350000000000001 -0.000000000002159
6.400000000000000 -0.000000000002575
6.450000000000000 -0.000000000002757
6.500000000000000 -0.000000000002688
6.550000000000001 -0.000000000002370
6.600000000000001 -0.000000000001831
6.650000000000000 -0.000000000001117
6.700000000000000 -0.000000000000294
6.750000000000000 0.000000000000565
6.800000000000001 0.000000000001381
6.850000000000001 0.000000000002079
6.900000000000000 0.000000000002594
6.950000000000000 0.000000000002876
7.000000000000000 0.000000000002897
7.050000000000001 0.000000000002654
7.100000000000001 0.000000000002164
7.150000000000000 0.000000000001471
7.200000000000000 0.000000000000636
7.250000000000000 -0.000000000000267
7.300000000000001 -0.000000000001155
7.350000000000001 -0.000000000001948
7.400000000000000 -0.000000000002572
7.450000000000000 -0.000000000002969
7.500000000000000 -0.000000000003100
7.550000000000001 -0.000000000002949
7.600000000000001 -0.000000000002528
7.650000000000000 -0.000000000001871
7.700000000000000 -0.000000000001035
7.750000000000000 -0.000000000000094
7.800000000000001 0.000000000000868
7.850000000000001 0.000000000001765
7.900000000000000 0.000000000002513
7.950000000000000 0.000000000003045
8.000000000000000 0.000000000003309
8.050000000000001 0.000000000003278
8.100000000000000 0.000000000002950
8.150000000000000 0.000000000002352
8.200000000000001 0.000000000001532
8.250000000000000 0.000000000000561
8.300000000000001 -0.000000000000476
8.350000000000000 -0.000000000001487
8.400000000000000 -0.000000000002383
8.450000000000001 -0.000000000003082
8.500000000000000 -0.000000000003519
8.550000000000001 -0.000000000003650
8.600000000000000 -0.000000000003460
8.650000000000000 -0.000000000002960
8.700000000000001 -0.000000000002187
8.750000000000000 -0.000000000001206
8.800000000000001 -0.000000000000097
8.850000000000000 0.000000000001045
8.900000000000000 0.000000000002123
8.950000000000001 0.000000000003042
9.000000000000000 0.000000000003721
9.050000000000001 0.000000000004097
9.100000000000000 0.000000000004132
9.150000000000000 0.000000000003815
9.200000000000001 0.000000000003164
9.250000000000000 0.000000000002224
9.300000000000001 0.000000000001065
9.350000000000000 -0.000000000000228
9.400000000000000 -0.000000000001557
9.450000000000001 -0.000000000002822
9.500000000000000 -0.000000000003931
9.550000000000001 -0.000000000004801
9.600000000000001 -0.000000000005371
9.650000000000000 -0.000000000005605
9.700000000000001 -0.000000000005493
9.750000000000000 -0.000000000005050
9.800000000000001 -0.000000000004321
9.850000000000001 -0.000000000003369
9.900000000000000 -0.000000000002272
9.950000000000001 -0.000000000001120
