0.000000000000000 0.000000000000114
0.066666666666667 -0.119697993809724
0.133333333333333 -0.253625251077347
0.200000000000000 -0.394311508073894
0.266666666666667 -0.533253529034397
0.333333333333333 -0.661452009016402
0.400000000000000 -0.770004652476194
0.466666666666667 -0.850714059379853
0.533333333333333 -0.896667272066802
0.600000000000000 -0.902745286291941
0.666666666666667 -0.866025403784634
0.733333333333333 -0.786046651473435
0.800000000000000 -0.664918049460064
0.866666666666667 -0.507260543161545
0.933333333333333 -0.319985084300627
1.000000000000000 -0.111920770575879
1.066666666666667 0.106682714314535
1.133333333333333 0.324745631732898
1.200000000000000 0.531002916288331
1.266666666666667 0.714661120939344
1.333333333333333 0.866025403784220
1.400000000000000 0.977057136343832
1.466666666666667 1.041828135169850
1.533333333333333 1.056845131779558
1.600000000000000 1.021227275390410
1.666666666666667 0.936729489346791
1.733333333333333 0.807614621828376
1.800000000000000 0.640386817126881
1.866666666666667 0.443406740676850
1.933333333333333 0.226415703712867
2.000000000000000 0.000000000000713
2.066666666666666 -0.224971281848489
2.133333333333333 -0.437902055440375
2.200000000000000 -0.628988187337433
2.266666666666667 -0.789673381133090
2.333333333333333 -0.913021342037899
2.400000000000000 -0.993989960187174
2.466666666666667 -1.029599938779680
2.533333333333333 -1.018996778489745
2.600000000000000 -0.963410879699181
2.666666666666667 -0.866025403784819
2.733333333333333 -0.731765225816277
2.800000000000000 -0.567022719726078
2.866666666666667 -0.379337268899231
2.933333333333333 -0.177045419401936
3.000000000000000 0.031082301925073
3.066666666666666 0.236203439249785
3.133333333333333 0.429752009343353
3.200000000000000 0.603762807488010
3.266666666666667 0.751163159201968
3.333333333333333 0.866025403783581
3.400000000000000 0.943774816149541
3.466666666666667 0.981348763705763
3.533333333333333 0.977303716900769
3.600000000000000 0.931867400241250
3.666666666666667 0.846934030879785
3.733333333333333 0.726001397150465
3.800000000000000 0.574049614037336
3.866666666666667 0.397362850015491
3.933333333333333 0.203297185131858
4.000000000000000 0.000000000001769
4.066666666666666 -0.203911194697536
4.133333333333333 -0.399699966939317
4.200000000000000 -0.578879192973843
4.266666666666667 -0.733581155779367
4.333333333333333 -0.856912834415183
4.400000000000000 -0.943279012247964
4.466666666666667 -0.988656141347060
4.533333333333333 -0.990801311746035
4.600000000000000 -0.949383197806008
4.666666666666667 -0.866025403785458
4.733333333333333 -0.744257027188877
4.800000000000000 -0.589370239069806
4.866666666666666 -0.408189919567831
4.933333333333334 -0.208765521941717
5.000000000000000 -0.000000000001958
5.066666666666666 0.208765521937881
5.133333333333333 0.408189919564230
5.200000000000000 0.589370239066592
5.266666666666667 0.744257027186180
5.333333333333333 0.866025403783393
5.400000000000000 0.949383197804663
5.466666666666667 0.990801311745474
5.533333333333333 0.988656141347314
5.600000000000000 0.943279012249031
5.666666666666667 0.856912834417027
5.733333333333333 0.733581155781921
5.800000000000000 0.578879192977005
5.866666666666666 0.399699966942965
5.933333333333334 0.203911194701514
6.000000000000000 0.000000000002371
6.066666666666666 -0.203297185127736
6.133333333333333 -0.397362850011570
6.200000000000000 -0.574049614033794
6.266666666666667 -0.726001397147466
6.333333333333333 -0.846934030877470
6.400000000000000 -0.931867400239736
6.466666666666667 -0.977303716900132
6.533333333333333 -0.981348763706043
6.600000000000000 -0.943774816150736
6.666666666666667 -0.866025403785641
6.733333333333333 -0.751163159204808
6.800000000000000 -0.603762807491503
6.866666666666666 -0.429752009347342
6.933333333333334 -0.236203439254085
7.000000000000000 -0.031082301929481
7.066666666666666 0.177045419397626
7.133333333333333 0.379337268895224
7.200000000000000 0.567022719722565
7.266666666666667 0.731765225813421
7.333333333333333 0.866025403782753
7.399999999999999 0.963410879698000
7.466666666666667 1.018996778489501
7.533333333333333 1.029599938780375
7.600000000000000 0.993989960188768
7.666666666666667 0.913021342040306
7.733333333333333 0.789673381136188
7.800000000000000 0.628988187341068
7.866666666666666 0.437902055444369
7.933333333333334 0.224971281852652
8.000000000000000 0.000000000003423
8.066666666666666 -0.226415703708946
8.133333333333333 -0.443406740673317
8.199999999999999 -0.640386817123886
8.266666666666666 -0.807614621826037
8.333333333333334 -0.936729489345196
8.400000000000000 -1.021227275389599
8.466666666666667 -1.056845131779541
8.533333333333333 -1.041828135170597
8.600000000000000 -0.977057136345283
8.666666666666666 -0.866025403786287
8.733333333333333 -0.714661120941916
8.800000000000001 -0.531002916291282
8.866666666666667 -0.324745631736102
8.933333333333334 -0.106682714317861
9.000000000000000 0.111920770572554
9.066666666666666 0.319985084297411
9.133333333333333 0.507260543158531
9.199999999999999 0.664918049457323
9.266666666666666 0.786046651471017
9.333333333333334 0.866025403782570
9.400000000000000 0.902745286290234
9.466666666666667 0.896667272065442
9.533333333333333 0.850714059378814
9.600000000000000 0.770004652475438
9.666666666666666 0.661452009015885
9.733333333333333 0.533253529034070
9.800000000000001 0.394311508073707
9.866666666666667 0.253625251077258
9.933333333333334 0.119697993809695
