0.000000000000000 -0.000000000000000
0.033333333333333 0.111187392102473
0.066666666666667 0.237347438511943
0.100000000000000 0.371782104052414
0.133333333333333 0.506620011116899
0.166666666666667 0.633289715676573
0.200000000000000 0.743068471315875
0.233333333333333 0.827669674820614
0.266666666666667 0.879828119274403
0.300000000000000 0.893841093835154
0.333333333333333 0.866025403784313
0.366666666666667 0.795055438735888
0.400000000000000 0.682155153467424
0.433333333333333 0.531126695424159
0.466666666666667 0.348209696397550
0.500000000000000 0.141777109794683
0.533333333333333 -0.078114963340366
0.566666666666667 -0.300295619619472
0.600000000000000 -0.513129373624154
0.633333333333333 -0.705206068599933
0.666666666666667 -0.866025403784520
0.700000000000000 -0.986631316923134
0.733333333333333 -1.060154933078293
0.766666666666667 -1.082231144378636
0.800000000000000 -1.051262626575183
0.833333333333333 -0.968515560706953
0.866666666666667 -0.838042726267487
0.900000000000000 -0.666441124174070
0.933333333333333 -0.462462041717363
0.966666666666667 -0.236500729910622
1.000000000000000 0.000000000000414
1.033333333333333 0.235193389241052
1.066666666666667 0.457478931154170
1.100000000000000 0.656119622213105
1.133333333333333 0.821790461566589
1.166666666666667 0.947028391731759
1.200000000000000 1.026561593021692
1.233333333333333 1.057504844299610
1.266666666666667 1.039416847436857
1.300000000000000 0.974224294026944
1.333333333333333 0.866025403784106
1.366666666666667 0.720792167127660
1.400000000000000 0.545995207749895
1.433333333333333 0.350177840536841
1.466666666666667 0.142506507343791
1.500000000000000 -0.067676533788623
1.533333333333333 -0.271275328025356
1.566666666666667 -0.459818387562744
1.600000000000000 -0.625779081617412
1.633333333333333 -0.762829664643406
1.666666666666667 -0.866025403784726
1.700000000000000 -0.931919731219359
1.733333333333333 -0.958614920480680
1.766666666666667 -0.945755279343192
1.800000000000000 -0.894471204713090
1.833333333333333 -0.807282721286713
1.866666666666667 -0.687970499169615
1.900000000000000 -0.541421073772418
1.933333333333333 -0.373451382648231
1.966666666666667 -0.190616111027163
2.000000000000000 0.000000000000827
2.033333333333333 0.191003538793645
2.066666666666666 0.374926281369572
2.100000000000000 0.544469680130473
2.133333333333333 0.692756822639119
2.166666666666667 0.813586836290211
2.200000000000000 0.901684541486813
2.233333333333333 0.952935969253214
2.266666666666667 0.964598482872379
2.300000000000000 0.935472992966996
2.333333333333333 0.866025403783899
2.366666666666667 0.758445172277701
2.400000000000000 0.616630797611772
2.433333333333333 0.446095167816761
2.466666666666667 0.253787833339598
2.500000000000000 0.047836202058967
2.533333333333333 -0.162786989227635
2.566666666666666 -0.368657188170226
2.600000000000000 -0.560334822661175
2.633333333333333 -0.728823567600211
2.666666666666667 -0.866025403784933
2.700000000000000 -0.965166467222752
2.733333333333333 -1.021168098160163
2.766666666666667 -1.030939699726275
2.800000000000000 -0.993573919786385
2.833333333333333 -0.910430051275529
2.866666666666667 -0.785098057893440
2.900000000000000 -0.623242829119046
2.933333333333333 -0.432335645128892
2.966666666666667 -0.221286861489108
3.000000000000000 0.000000000001243
3.033333333333333 0.221127687485039
3.066666666666666 0.431729876675120
3.100000000000000 0.621991368222503
3.133333333333333 0.783134709017484
3.166666666666667 0.907846562931256
3.200000000000000 0.990621267938394
3.233333333333333 1.028004473003026
3.266666666666667 1.018726133036582
3.300000000000000 0.963718981049689
3.333333333333333 0.866025403783692
3.366666666666667 0.730601953550021
3.400000000000000 0.564036126437021
3.433333333333333 0.374194206064499
3.466666666666667 0.169821703646310
3.500000000000000 -0.039880868171053
3.533333333333333 -0.245684433897219
3.566666666666666 -0.438739180262698
3.600000000000000 -0.610945675361806
3.633333333333333 -0.755274724579285
3.666666666666667 -0.866025403785139
3.700000000000000 -0.939014829489251
3.733333333333333 -0.971697153298601
3.766666666666667 -0.963212745504445
3.800000000000000 -0.914371374991233
3.833333333333333 -0.827575299491234
3.866666666666667 -0.706689537410190
3.900000000000000 -0.556867265098526
3.933333333333333 -0.384338400824853
3.966666666666667 -0.196169171343045
4.000000000000000 0.000000000001655
4.033333333333333 0.196231408888466
4.066666666666666 0.384575232274194
4.100000000000000 0.557356447308778
4.133333333333333 0.707456792269582
4.166666666666667 0.828584565165112
4.200000000000000 0.915524392600774
4.233333333333333 0.964358410760992
4.266666666666667 0.972649763892244
4.300000000000000 0.939579139096962
4.333333333333333 0.866025403783487
4.366666666666666 0.754582441666469
4.400000000000000 0.609506084352592
4.433333333333334 0.436587622839714
4.466666666666667 0.242953686823301
4.500000000000000 0.036796144297663
4.533333333333333 -0.172960133063535
4.566666666666666 -0.377039565451118
4.600000000000000 -0.566232216499811
4.633333333333333 -0.731824900558768
4.666666666666667 -0.866025403785347
4.700000000000000 -0.962357054731573
4.733333333333333 -1.016001161992949
4.766666666666667 -1.024066607127049
4.800000000000000 -0.985769110989992
4.833333333333333 -0.902507234406959
4.866666666666666 -0.777827773163359
4.900000000000000 -0.617279512939010
4.933333333333334 -0.428160904470338
4.966666666666667 -0.219173649470702
5.000000000000000 0.000000000002066
5.033333333333333 0.219173649474745
5.066666666666666 0.428160904474113
5.100000000000000 0.617279512942352
5.133333333333333 0.777827773166120
5.166666666666667 0.902507234409023
5.200000000000000 0.985769110991266
5.233333333333333 1.024066607127478
5.266666666666667 1.016001161992513
5.300000000000000 0.962357054730293
5.333333333333333 0.866025403783279
5.366666666666666 0.731824900556004
5.400000000000000 0.566232216496470
5.433333333333334 0.377039565447351
5.466666666666667 0.172960133059499
5.500000000000000 -0.036796144301785
5.533333333333333 -0.242953686827336
5.566666666666666 -0.436587622843479
5.600000000000000 -0.609506084355929
5.633333333333333 -0.754582441669227
5.666666666666667 -0.866025403785554
5.700000000000000 -0.939579139098242
5.733333333333333 -0.972649763892683
5.766666666666667 -0.964358410760569
5.800000000000000 -0.915524392599507
5.833333333333333 -0.828584565163058
5.866666666666666 -0.707456792266829
5.900000000000000 -0.557356447305442
5.933333333333334 -0.384575232270424
5.966666666666667 -0.196231408884420
6.000000000000000 0.000000000002485
6.033333333333333 0.196169171347106
6.066666666666666 0.384338400828650
6.100000000000000 0.556867265101899
6.133333333333333 0.706689537412986
6.166666666666667 0.827575299493338
6.200000000000000 0.914371374992542
6.233333333333333 0.963212745504904
6.266666666666667 0.971697153298189
6.300000000000000 0.939014829487983
6.333333333333333 0.866025403783073
6.366666666666666 0.755274724576506
6.400000000000000 0.610945675358436
6.433333333333334 0.438739180258893
6.466666666666667 0.245684433893138
6.500000000000000 0.039880868166883
6.533333333333333 -0.169821703650393
6.566666666666666 -0.374194206068305
6.600000000000000 -0.564036126440390
6.633333333333333 -0.730601953552796
6.666666666666667 -0.866025403785761
6.700000000000000 -0.963718981050949
6.733333333333333 -1.018726133036984
6.766666666666667 -1.028004473002551
6.800000000000000 -0.990621267937063
6.833333333333333 -0.907846562929134
6.866666666666666 -0.783134709014661
6.899999999999999 -0.621991368219111
6.933333333333334 -0.431729876671306
6.966666666666667 -0.221127687480969
7.000000000000000 0.000000000002897
7.033333333333333 0.221286861493144
7.066666666666666 0.432335645132640
7.100000000000000 0.623242829122350
7.133333333333333 0.785098057896153
7.166666666666667 0.910430051277543
7.200000000000000 0.993573919787606
7.233333333333333 1.030939699726658
7.266666666666667 1.021168098159693
7.300000000000000 0.965166467221452
7.333333333333333 0.866025403782867
7.366666666666666 0.728823567597465
7.399999999999999 0.560334822657873
7.433333333333334 0.368657188166510
7.466666666666667 0.162786989223660
7.500000000000000 -0.047836202063023
7.533333333333333 -0.253787833343570
7.566666666666666 -0.446095167820469
7.600000000000000 -0.616630797615068
7.633333333333333 -0.758445172280439
7.666666666666667 -0.866025403785970
7.700000000000000 -0.935472992968300
7.733333333333333 -0.964598482872864
7.766666666666667 -0.952935969252857
7.800000000000000 -0.901684541485624
7.833333333333333 -0.813586836288243
7.866666666666666 -0.692756822636446
7.899999999999999 -0.544469680127211
7.933333333333334 -0.374926281365856
7.966666666666667 -0.191003538789630
8.000000000000000 0.000000000003309
8.033333333333333 0.190616111031248
8.066666666666666 0.373451382652080
8.100000000000000 0.541421073775866
8.133333333333333 0.687970499172502
8.166666666666666 0.807282721288912
8.199999999999999 0.894471204714496
8.233333333333333 0.945755279343737
8.266666666666666 0.958614920480334
8.300000000000001 0.931919731218127
8.333333333333334 0.866025403782658
8.366666666666667 0.762829664640592
8.400000000000000 0.625779081613971
8.433333333333334 0.459818387558835
8.466666666666667 0.271275328021151
8.500000000000000 0.067676533784317
8.533333333333333 -0.142506507348007
8.566666666666666 -0.350177840540766
8.600000000000000 -0.545995207753353
8.633333333333333 -0.720792167130485
8.666666666666666 -0.866025403786172
8.699999999999999 -0.974224294028154
8.733333333333333 -1.039416847437158
8.766666666666666 -1.057504844298992
8.800000000000001 -1.026561593020188
8.833333333333334 -0.947028391729442
8.866666666666667 -0.821790461563577
8.900000000000000 -0.656119622209538
8.933333333333334 -0.457478931150228
8.966666666666667 -0.235193389236915
9.000000000000000 0.000000000003721
9.033333333333333 0.236500729914573
9.066666666666666 0.462462041720945
9.100000000000000 0.666441124177136
9.133333333333333 0.838042726269905
9.166666666666666 0.968515560708638
9.199999999999999 1.051262626576077
9.233333333333333 1.082231144378724
9.266666666666666 1.060154933077597
9.300000000000001 0.986631316921709
9.333333333333334 0.866025403782450
9.366666666666667 0.705206068597335
9.400000000000000 0.513129373621148
9.433333333333334 0.300295619616201
9.466666666666667 0.078114963336959
9.500000000000000 -0.141777109798088
9.533333333333333 -0.348209696400844
9.566666666666666 -0.531126695427236
9.600000000000000 -0.682155153470210
9.633333333333333 -0.795055438738327
9.666666666666666 -0.866025403786378
9.699999999999999 -0.893841093836837
9.733333333333333 -0.879828119275718
9.766666666666666 -0.827669674821595
9.800000000000001 -0.743068471316557
9.833333333333334 -0.633289715677012
9.866666666666667 -0.506620011117154
9.900000000000000 -0.371782104052535
9.933333333333334 -0.237347438511987
9.966666666666667 -0.111187392102477
