0.000000000000000 0.000000000000080
0.057142857142857 -0.133883300586428
0.114285714285714 -0.273829756132530
0.171428571428571 -0.408750791205838
0.228571428571429 -0.527200500494503
0.285714285714286 -0.618317224351407
0.342857142857143 -0.672764933331909
0.400000000000000 -0.683594573347196
0.457142857142857 -0.646948992221013
0.514285714285714 -0.562545186551067
0.571428571428571 -0.433883739117822
0.628571428571429 -0.268156290085288
0.685714285714286 -0.075846077648357
0.742857142857143 0.129957951073605
0.800000000000000 0.334488333833668
0.857142857142857 0.522400787992490
0.914285714285714 0.678966785525357
0.971428571428571 0.791262992266901
1.028571428571428 0.849260643235329
1.085714285714286 0.846722957979374
1.142857142857143 0.781831482468353
1.200000000000000 0.657481928887597
1.257142857142857 0.481215224815140
1.314285714285714 0.264778140372854
1.371428571428571 0.023337757787970
1.428571428571429 -0.225597252839724
1.485714285714286 -0.463470477002737
1.542857142857143 -0.672089270338707
1.600000000000000 -0.835044580888818
1.657142857142857 -0.939026400858161
1.714285714285714 -0.974927912181997
1.771428571428571 -0.938645910950386
1.828571428571429 -0.831507389214809
1.885714285714286 -0.660280557078792
1.942857142857143 -0.436760910919799
2.000000000000000 -0.176956643982365
2.057142857142857 0.100069952404312
2.114285714285714 0.373620075766125
2.171428571428571 0.622927930357787
2.228571428571429 0.828761297613375
2.285714285714286 0.974927912181629
2.342857142857143 1.049567968146751
2.400000000000000 1.046128280378920
2.457142857142857 0.963937360101059
2.514285714285714 0.808331133411338
2.571428571428571 0.590313873619325
2.628571428571429 0.325775391185071
2.685714285714285 0.034320727369928
2.742857142857143 -0.262200297973891
2.800000000000000 -0.541351851372445
2.857142857142857 -0.781831482467323
2.914285714285714 -0.965116594379275
2.971428571428572 -1.076909069144264
3.028571428571428 -1.108263992768991
3.085714285714285 -1.056312397168411
3.142857142857143 -0.924519169201210
3.200000000000000 -0.722453330533341
3.257142857142857 -0.465085929713103
3.314285714285714 -0.171667802811883
3.371428571428571 0.135727485136304
3.428571428571428 0.433883739116333
3.485714285714286 0.700215730065775
3.542857142857143 0.914499106120946
3.600000000000000 1.060422547740513
3.657142857142857 1.126841722514396
3.714285714285714 1.108637673414076
3.771428571428571 1.007112986851991
3.828571428571428 0.829895013830016
3.885714285714286 0.590353727641194
3.942857142857143 0.306579479544798
4.000000000000000 0.000000000001575
4.057142857142857 -0.306256180965182
4.114285714285714 -0.589123321044448
4.171428571428572 -0.827353007638384
4.228571428571429 -1.003124747597928
4.285714285714286 -1.103389334472817
4.342857142857143 -1.120842890687986
4.399999999999999 -1.054458476043726
4.457142857142857 -0.909536664742287
4.514285714285714 -0.697273792866262
4.571428571428571 -0.433883739119151
4.628571428571428 -0.139343228727922
4.685714285714286 0.164140890394334
4.742857142857143 0.453823326733289
4.800000000000000 0.708140654743707
4.857142857142857 0.908328837089109
4.914285714285714 1.039815594476394
4.971428571428572 1.093283651323230
5.028571428571428 1.065327094522920
5.085714285714285 0.958654990955800
5.142857142857142 0.781831482469222
5.200000000000000 0.548577065728601
5.257142857142857 0.276688923140696
5.314285714285714 -0.013333527301151
5.371428571428571 -0.299850365650603
5.428571428571429 -0.561709874995439
5.485714285714286 -0.779820466757195
5.542857142857143 -0.938548133319608
5.600000000000000 -1.026836675181863
5.657142857142857 -1.038970481524834
5.714285714285714 -0.974927912182204
5.771428571428571 -0.840305072200862
5.828571428571428 -0.645822498212276
5.885714285714285 -0.406458470889075
5.942857142857143 -0.140279978975172
6.000000000000000 0.132936217659478
6.057142857142857 0.393185958024861
6.114285714285714 0.621711309196558
6.171428571428571 0.802356146000499
6.228571428571429 0.922705404465340
6.285714285714286 0.974927912181101
6.342857142857143 0.956266486441786
6.399999999999999 0.869146456619637
6.457142857142857 0.720902748646617
6.514285714285714 0.523153944678133
6.571428571428571 0.290877189607708
6.628571428571428 0.041258617860495
6.685714285714286 -0.207591318152912
6.742857142857143 -0.437960557935857
6.800000000000000 -0.633798849382107
6.857142857142857 -0.781831482466132
6.914285714285714 -0.872446376883403
6.971428571428572 -0.900296274186746
7.028571428571428 -0.864580230833362
7.085714285714285 -0.768993000976294
7.142857142857142 -0.621355364438422
7.200000000000000 -0.432961181541856
7.257142857142857 -0.217696320700161
7.314285714285714 0.009000706305454
7.371428571428571 0.231257469770384
7.428571428571428 0.433883739114686
7.485714285714286 0.603406042713050
7.542857142857143 0.728950348749901
7.600000000000000 0.802915930268161
7.657142857142857 0.821400453481858
7.714285714285714 0.784355511071248
7.771428571428571 0.695471722764871
7.828571428571428 0.561811666387499
7.885714285714285 0.393225926957777
7.942857142857142 0.201601319093372
8.000000000000000 0.000000000003389
8.057142857142857 -0.198246761513304
8.114285714285714 -0.380426106599620
8.171428571428571 -0.535252608110733
8.228571428571428 -0.653547286019947
8.285714285714285 -0.728746617221817
8.342857142857143 -0.757215281311012
8.400000000000000 -0.738351257922764
8.457142857142857 -0.674486775198055
8.514285714285714 -0.570602440691497
8.571428571428571 -0.433883739120802
8.628571428571428 -0.273158225368453
8.685714285714285 -0.098257683941721
8.742857142857142 0.080647964268020
8.799999999999999 0.253699121077107
8.857142857142858 0.411935473937745
8.914285714285715 0.547790275484947
8.971428571428572 0.655463436616291
9.028571428571428 0.731156880172890
9.085714285714285 0.773166033393333
9.142857142857142 0.781831482470414
9.199999999999999 0.759363977580137
9.257142857142856 0.709563585639732
9.314285714285713 0.637459416429688
9.371428571428572 0.548899742896364
9.428571428571429 0.450123423344183
9.485714285714286 0.347342406783831
9.542857142857143 0.246362008458090
9.600000000000000 0.152260947594842
9.657142857142857 0.069147296632563
